Initial Array (n=32)
31, 30, 29, 28, 27, 26, 25, 24, 23, 22, 21, 20, 19, 18, 17, 16, 15, 14, 13, 12, 11, 10, 9, 8, 7, 6, 5, 4, 3, 2, 1, 0
Sorted Array
0, 1, 2, 3, 4, 5, 6, 7, 8, 9, 10, 11, 12, 13, 14, 15, 16, 17, 18, 19, 20, 21, 22, 23, 24, 25, 26, 27, 28, 29, 30, 31
The number of comparisons is 496
                                      ------------Best Case------------
Initial Array (n=32)
0, 1, 2, 3, 4, 5, 6, 7, 8, 9, 10, 11, 12, 13, 14, 15, 16, 17, 18, 19, 20, 21, 22, 23, 24, 25, 26, 27, 28, 29, 30, 31
Sorted Array
0, 1, 2, 3, 4, 5, 6, 7, 8, 9, 10, 11, 12, 13, 14, 15, 16, 17, 18, 19, 20, 21, 22, 23, 24, 25, 26, 27, 28, 29, 30, 31
The number of comparisons is 31
                                      ------------Average Case------------
Initial Array (n=32)
14, 4, 15, 9, 4, 17, 1, 23, 28, 22, 9, 0, 31, 15, 2, 31, 0, 26, 5, 18, 16, 4, 5, 29, 23, 6, 29, 7, 7, 20, 6, 21
Sorted Array
0, 0, 1, 2, 4, 4, 4, 5, 5, 6, 6, 7, 7, 9, 9, 14, 15, 15, 16, 17, 18, 20, 21, 22, 23, 23, 26, 28, 29, 29, 31, 31
The number of comparisons is 246
