969559
394513
312174
293148
535950
745346
83320
209779
568989
218039
73552
71465
254722
64571
586361
762497
734120
510208
324610
5236
239165
146654
278727
304307
118838
159885
757545
543139
282695
701703
536178
252254
96217
848353
61754
148519
110051
661426
358299
195393
879466
431851
266858
650540
496423
369571
929389
230543
879780
253999
752131
635297
917005
547210
455957
35844
707095
213502
95335
989790
431557
631513
758397
44126
996218
820151
192646
106270
997930
550945
301663
393748
499148
84873
44288
995571
454444
973677
742466
850576
227676
10949
2226
144681
558159
458183
696877
265255
188037
792212
771397
619594
940078
529794
663721
452648
866298
856367
75270
864228
